01111011110101101110000001110100101101000110101111100110010111001011010010000111011010101010111010010110010101000101110100110100
10110101001111110101111110011000001000000000101011010011001100100011110101011000111110111001000101100101101001101100000110001011
11011010010000010000101101101110101100011001010100010111101110101101000101010000100001100101100100010110101010010011001110100101
11010000011010011010011111001010010101101000111110001101010001110011110001011000000001101101000010011000100000100010001001001101
01011101100011100101000110001111000000010110101010001011001011111000011111110011001010011000111111001100000010010011110011101001
11001011111101110001001100011010000010010100100000100010111001111000011010011111111001101000101011100111000001011100000011100110
10100000111111111101000001111000111001110010101000011100101001010101101100001110011011000110001001000000101100000111011001011110
00011000001001100011000101000010110111010001100001111000010000111010000110100000011100110001010101111111010100111100010000111100
10100011100010011011111010110101101000000010000010111010110010111101111110110010101001111110000000100111010010111101110001001010
11010101001000110100111111010000110100001011001000111001101010000110111000010011000110001110010111110011100011010100100100101101
00100100110001110100001110011111100110011110000010100111111101100101011101001011101111101110010100100001101111010110111010100010
11001001100110000111001110000001100011001001101111110010110111001100010111101011100100111110001011101100110110000100000110110000
11000001110010110100000110111101111100010011101011111000100101111100000010000011100001101010000011110011000111010111111110100110
10000010001010010111101110010000010011111101101111111010101101110000010000001101100100111100001111010010001011010000010100111010
00110101000010110000000100111101001100110101001010010110100011111100011011110100101010001110001100100000101011010101101011010100
01110111110111011111110000001010000111001011011111100011011111010011011000011000001011110101100011100001101101111111110010011010
00001100101001111100001101110110010000011100101010010011001110110000100111101001100010010001101110111110011100001110110001101101
00100010101011110111010110111110001000101100111000111111101101101010101101000000001000111000001001101100010101100011100001101011
10100110010001110111101011011100100001010101111101011001010101101010001010011000000011001101011001011010010100001100011010111110
01011010011010101011011101101010101001111110111000101110001010110000010110001100001011111000101000010000100010111101111111001001
11010000111010101000111000110001011110001111100100000001101001110111001101010000111011001011110000010011010011110001110010010001
01010001001101110111100100111100110000111111110010110110000100111011001010000101110100010011101111001101111101010101101100000111
11001000000001000010111010101000100100011111000101111100000110010011011111001101101010110111111100001001101101010111110110100000
10001000101111011111111101100110011101000011000110111010101101001111010010001110010010011011110000100100010110011101111111001010
01100000011100100001011010001100110010011011111110101000110111110100110101010000100000000010100010000000101001001010111110110111
11101101010100100110111100001101111000010101010011000101100000011100000100000010101111100100110001001100011001011001000110100101
10000000111110100100010110110100111101111101100010011011111011011101011001011110111110011010000000100101100000001000011000100000
00111000000001010001100010111101101101000100001101011000001000010111000011011100010000100111000000100010010011001011000101010111
01010101000000101000000000010001110000101011101100110000011100110001010010110001100111110101101000011100111000111001010111110110
11001100000011111001100001111100110100001111100011111110001111101011101100111001000101110101010010001001011101110000101111111011
01110010101101001000000100110001011001011100000111011011000110100100110001000110100111011010011101101011100001000011110111110001
11010100011000000100110000100111010000001010100100011101101100101001101011110101001111111011110111011110111001010001111001010001
00011010011101010110101110001001100100110101010110110010110010110010010110011111100101001010011001010101111010100110011001100011
01010001011001101000010110000010100100000011010001011011000110011011011110010101111011110011101000110111010000110101100000001101
01110111110111010110010101100110111100111100101000001011100100111110011110010010001000101001000001100001011010110000100011001101
00000101101100100101011010100110010010001101110001111101000010111011100101001111101101111011000001110110111000011000000101000010
00000101010110101111000011111001110110011010001101110000110010011110000011011010111010001010110010010101010000100011010000001000
00110110001010001001010011110010001111000010111101011001100100101011011110011101111001001100000010010000001100111101111111010010
11110000100110110111110111101100000101100000110101010000010001000010110001000011000100011000000100010000101011111101001001100111
10111000001011000011101011011111101011110001100100110010111111111000100110011111110001101111111100101001011010011011110011011001
00010011111111001111001010100100111110011110001011101111110001101010000101011000110011001001100111101100101110011011001111000001
01010010011001111110100010110110101000111110010101000010110110111011011111011100010000101011111101001011001001001110100110100100
11110010000011100001110010101001000111000100100100010011000010001101011100111001011000100111100001010110100000111110111111001001
11011010111010010110101010011101011100011010100000000010000101011110001010100010000010010111111010000011001011011010000100110010
00010101111111000011000110101001101001100100101101110001100110101100001001000110001111011010011011001111000100010001011110100001
01001111000111100110101100000101101011110000000000100110110110111011111110010111101011000010101000111001010010101101100101101001
00100111110001111101010110010010110101101101101100011101111101101001010111101000010111111100101100010101110001010110110000010100
10101001110000101100111001000000101110000101110011110111111100001001001111001100010000101110001011111010011001110101011100110011
11011010110001010001110110101011111110100111100010100010101100100101101101001000011101011101000101110100100010101101101010101000
10001100100110010010101000101100001010100100000111101101000000110000010110101110111100010110010000110010010100101000110101000101
11110111011110101011100001000110101010011010000101010111111001010101110110101111110010100110000011010011110011011101100101010110
11111010100001011000100010110010100111010010100110111100010000110101110101000000101000010000000111101000100110011100101000001000
10011110101101001110111110010100000111000111010100000001110101010101101001101011000101001010001010011010101001010101011100000011
10000110101001010000110011010010101110000110110100111001010101110011011100111010010100111100010000011101110110111110000011111010
00011111100101001010010001110001000100110001110101011001100010001000000110101011100001011101010110001010101101000010011011100011
10010000011000111000000110101011110100000001010101011000100100000000101100101100110000010000001100110001101100110000001110110000
10100110101110000100110000111000010000000000000011111001011111010110001010111111111010100101010000110100000110110010101011001000
01011000101110100011010111001111110110010110011010000110101011101010010110111010100010111011011100001110010000101011100001011000
10100111110000111100000110011110011111100010010010000100110000110111000000101100100000010010101011101000001011100100010001010011
10010010000101000110010111000110101001101001011111000001110110101010101100011001011000101001010011000101111111111110000110010000
10010010010010110101011011010111111000010001101110110110000010101100111100010101010111011110011000010110010001100100101001100101
00010001000111001101000110001000010100100100001110010101010111001000010110110010110100000101001100100011010110100111111100111110
10110000110101101010111110011111001001001111001010111101001000110101110011010001001101111011100101101011001000100110111100111011
00101001000110000111101011011111001000010101010011111001111101110001101111101101111010101110101011011100010100010001110010001000
01100110100010100101011101100111000101010001001100101100011000011001010100000100011111001111010100101111110101011101101010101111
11000010101101111010011100000011001100101100010101111001001100010111011110111011111100000110101001011101100111100111110010000111
10010110010110110000110110010001010110010110101001011001000011001000101110000011110111110001110111011010101110001111100101100110
10010100000101110011011010000111000000111111000000111011001001100000010011111001110011110101011110000100101001111110010001111110
11110010111111010010110111000111110001111011011100000100010110010111000011010110111110010010111011110110101101110001110111100101
11000001000000111101110011001110100110110111011001011101100000000101110010000110100011001100110111011100101111100101101001000011
10001000100011000000010010010001011100001001110110011000001000100001000101001000001010000101000101111100000010101110010101110101
11010010001101001001000111001100000110100001000011101111101100100100010000111110101000110100101110000000111100010100110001000011
01011000000010111110011010101000101100101010111111111000001111010101101111001011110111011110011000111010101100100111000010010110
01010110011001001100010100010001011000111001011100000000110010001000101011010100010001110010010011011010110000001101001000101111
11010011001001011110010100000111011001000010101010001011111001001001111101101011100100100001101110010011011110001100110001101111
10010000111110100110110010100011001100010111011101001000001011101001000010001100111100100011110001001100011000100110011100011110
00110001001011000001111100001011110111101100010010011101111010011111000101110110011100101101100110111011100000011001111011101111
00000111101001010101011000000001010001011111010100010001111010110111011001001111011011111110011110010011010101111101110100010111
11010101100100011010110001001011010010000110111000110110101001110110001100110111100001000101001100001011100101011001001010011011
00011101001110100000000011111000010010001111101000010011010001111101001110100101000100011110001001000011001010011101110000001010
00000011101100011110110111010001011001100101101011010001111010010110111001100001110100001111101010011000101011001011011000101101
00011010100100001101000100011111010111001101100010000001101011000001001010000001101000000110001011011010011010100101100001010100
11011010011111000101010110001000000011110100011100001110011011000100011110100001010011111100011111000010000010001101110100101000
01111011100010000101101100100011001010001101100010101101110110000000110101001100000100100100111101100101001110001001000111011110
11100011000000100011000101111111100101111010010010100111101000011101000000000111001111010000011011100101100101101011001110110110
00110111000011001001101110010000000011110101011111100000001100010100110001111111111000111111001101011100110000011110001111100100
10001101001011001001011101101100000101010101111001001100010110001010010000000111101001100001100010001010011010001101011000101100
11010110001100111100000110010110101111000110001110111101101101001001100001001110001001011110111010101101100100101111100110111111
01000110010101110100001100000011010000100110110010000100110110001011110011100100011111010000101100101111101000011101101001011001
10100101110101101101011110111101010010000111111010100010010000010010110011101001001001110011000010100001011101111001011101011111
10110111110111110101100010001110000101101110000011100000101100101010001110111001101101011111111001011001010011010100001000011101
01111000111101011110000110011111010100001010001010111010101011011110111000101110010011100101011000101000101010011110011010101001
01110000100101101000001010111111010000011110001100111100010110111011101010101000001100110100100011111101011111101110010100010001
10000010101100110100100001000100010011001000100000101101011010000010000101111011101100000000001111100001011010101100101000010100
00101000011110011111110101101110011011000000111001001000010011101010011110101000000101001000110001010010011000011011110110111111
10100101110111010110111100101100100111001110110001100111100110001001110110110000111100111000101001100110100110010100100001010111
10111000011011001101010001010110000000111001110000110011101010011010010001111101100111001000101100110000101111011111110011101100
00110011110100001010000000010010001110100001110101111101000011101101001101110100101010000000001110000101111110000011010101000001
01111000110111000111111111011000001100100110000100010011111110110101101011010100011001101100001111001000000101010011100101110111
01101000001101010100101100100111010010000101101101000000101111010000100111001110110001110011000011011110001101100100110001001011
00000000100100001001001101110011000000011010101100100101111011011001111010001101011010111100000000001000101010010100011001001101
01110110000010001010001111111100011110011010010010000001001010110110000100110111011111111100001100110001000001011000000000001000
11000111000001101011001000011101000101100000100101001001000011011000010010100101110101110010111010110000101100100110111110000000
11000010111010011000100100101101111111100100101000101101100001001100111010001001010100101000110100001001110110111111010000101100
00111111101000111010001100010011101110011111100001110000101000110110110010011001101101111110100011110110100000101001100011111000
01100000001011100101000000101101011001101101100010111000110000110110100000000011000001101011001100100101000000010000010000001000
00001001011011110010111011111010101001001110010000010101100000111001011010100111000111100100101010100100110110001110100110010100
10001010100001010111001111100101100000110111101001011101100111010110101101011110100110011100010010110010101101000001101111010101
01100001000001101111110010010111100011111000011001000101100110011010100010110011000111010010001111101011101110001010110000000011
11010111000001111001010000010001010110101110000001110101110011011011110001101101101111101111110010011110101011110101011110100010
10011100011011001111000011111100001010000010101111000100111100100010011010001001000001011101011001010111000011111000100001100101
10001001001110001100010000001010000011110010100111100010010100011010110110000011010001010010101000101101100010010011000100111110
10001011101111000010111010101101111000110101110110010001010111101101110011111010100110110011000000011000001001011111000010000101
00100111110001000101111110000100100001111100111001011111001010101100101000011010011001000100101101011100000100010110110111011011
11111010001001010000011101001011001111001101110110010001010101101010011011011101110101110111110101001011101011101001110000011101
00111000111010001100110000000111100100111111000011011000100101111101000010010110010101101110011011101100011101001100111110010110
10001000111111100001110011011111111100000011001001001010010000111011001001110110111111000101101001001111100000100100111010011111
00111111000011001000110110010110000000110111010011001000100010000100001101011001110001111011001001000011011110000111111000110101
11001101110000011111011001111010110110010011100110001010010110110001111001001011011001101101101011010010001001010100110011100011
00100101001100000011100011000111110110010011011111011011011001101110010110000110011100110000110010100110100111111111011001101010
11011000101001001000111011101001101010000010111111110101011110110100001010000100101000100111100111101100010110000110000111011010
11110011100001001111110010110111101111000010110000110000000100010110010001110000111100101101000101011100111000100000111000001010
11100011010011011010101010001001110010100101011011000111001000101011111010101100010101100011011100100011101010000101100001010100
10010101100101011100111001100111111001011101000110000000100010000011111010001100011010100000001001000011010101100100111100010101
00101110100110011011110010110110010100010101010100001001110010101010001011111011101100010100010010110111001011110001110101010011
00000000100011011001011100011110011111001101001101100101101101011101100100101100000011100000001100101010110000101001110111110110
10001001001011101110011100110100101111001101111001111010100001101001101111101111110011101100100010010100010011000011100001111000
01110100010110010110111000111000111100110010001111100101110010000001010110001101111110101110100101100110001000001110110110100110